stat nstat
GFDL-ESM2M.WRF MPI-ESM-LR.RegCM4 MPI-ESM-LR.WRF
CCSM4 CanESM2 GFDLESM2M INMCM4 MIROC5 MIROCESM 
dia3 prob3  dia4 prob4 dia5 prob5  dia6 prob6  dia7 prob7  dia8  prob8  dia9 prob9    dia10 prob10
18   0.99    21  0.91  24   0.558  27   0.079    30  0.007  36   0.0001   42 0.0001     48 0.0001
18   0.99    21  0.92  24   0.779  27   0.239    30  0.037  36   0.0007   42 0.00011    48 0.00011 
18   0.99    21  1.10  24   0.96   27   0.64     30  0.172  36   0.003    42 0.00009    48 0.00009
18   0.99    21  1.05  24   0.99   27   0.91     30  0.684  36   0.098    42 0.002      48 0.00016
18   0.99    21  0.99  24   0.97   27   0.69     30  0.249  36   0.009    42 0.0003     48 0.00014 
18   0.99    21  0.93  24   0.95   27   0.816    30  0.443  36   0.076    42 0.013      48 0.00013
18   0.99    21  0.97  24   0.708  27   0.168    30  0.032  36   0.00013  42 0.00013    48 0.00013
18   0.99    21  0.94  24   0.92   27   0.62     30  0.209  36   0.016    42 0.0022     48 0.00012
18   0.99    21  0.85  24   0.55   27   0.126    30  0.023  36   0.0003   42 0.000105   48 0.000115
18   0.99    21  0.88  24   0.62   27   0.211    30  0.064  36   0.021    42 0.005      48 0.00015
18   0.99    21  0.89  24   0.487  27   0.106    30  0.032  36   0.006    42 0.0001     48 0.0001
