Atlantic MDR Temperature Anomalies  January-December
Units: Degrees Celsius
Base Period: 1910-2000
Missing: -999
Year Value
1910 -0.55
1911 -0.66
1912 -0.48
1913 -0.88
1914 -0.39
1915 0.27
1916 -0.39
1917 -0.78
1918 -0.33
1919 -0.22
1920 -0.53
1921 -0.60
1922 -0.77
1923 -0.75
1924 -0.43
1925 -0.56
1926 0.12
1927 0.28
1928 -0.22
1929 -0.40
1930 -0.17
1931 -0.06
1932 0.47
1933 -0.03
1934 -0.25
1935 -0.35
1936 0.02
1937 0.43
1938 -0.07
1939 0.15
1940 0.46
1941 0.37
1942 0.22
1943 0.26
1944 0.34
1945 0.74
1946 -0.03
1947 -0.46
1948 -0.15
1949 0.00
1950 0.05
1951 0.26
1952 0.38
1953 0.20
1954 -0.11
1955 0.32
1956 -0.27
1957 0.33
1958 0.44
1959 -0.01
1960 0.13
1961 0.18
1962 0.16
1963 0.24
1964 -0.11
1965 -0.06
1966 0.17
1967 -0.01
1968 -0.04
1969 0.41
1970 -0.03
1971 -0.19
1972 -0.38
1973 -0.07
1974 -0.35
1975 -0.21
1976 0.11
1977 -0.08
1978 -0.09
1979 0.16
1980 0.42
1981 0.24
1982 -0.02
1983 0.22
1984 -0.09
1985 0.06
1986 -0.13
1987 0.55
1988 0.22
1989 0.20
1990 0.58
1991 0.08
1992 -0.05
1993 0.02
1994 -0.19
1995 0.60
1996 0.24
1997 0.40
1998 0.68
1999 0.68
2000 0.15
2001 0.53
2002 0.30
2003 0.76
2004 0.74
2005 1.11
2006 0.79
2007 0.30
2008 0.84
2009 0.72
2010 1.04
2011 0.74
2012 0.92
2013 0.86
2014 0.53
2015 0.98
2016 0.92
2017 1.07
2018 0.47
