1821 -99.990 -99.990 -99.990 -99.990 -99.990 -99.990  -2.624  -0.143 -99.990 -99.990 -99.990 -99.990 -99.990
 1822 -99.990 -99.990   2.988  -3.187   0.588  -0.862  -4.047  -0.190  -1.092  -2.003  -0.050  -0.734 -99.990
 1823  -3.387 -99.990 -99.990 -99.990   4.651  -0.835   0.580   2.903   0.669  -1.391  -0.757  -0.202 -99.990
 1824  -0.162   0.250  -1.438   1.462   1.342  -3.945  -2.747  -0.075   0.193 -99.990  -0.699  -0.006 -99.990
 1825  -0.226   0.211   0.327  -0.276   0.131   0.410  -0.919   1.430  -0.947   1.981   1.059  -1.305   0.156
 1826  -3.049   4.875  -0.975   1.782  -1.204   0.835   1.887   2.717  -0.755   0.183  -2.411  -0.591   0.274
 1827  -0.447  -3.717   1.834  -0.827   1.196  -0.075   2.022  -3.558  -0.075  -3.016  -1.417   2.702  -0.448
 1828   1.268   0.365  -0.183   0.042  -1.589  -1.330  -4.401  -2.543  -2.781   0.101  -2.571   3.040  -0.882
 1829  -2.481   0.319  -2.536   0.123   1.799  -0.096   0.333   0.773   0.777   0.709  -0.332  -0.425  -0.087
 1830  -2.329   1.197   3.580   3.080  -0.046  -0.849   3.191  -0.353   2.039   2.040   2.192  -3.130   0.884
 1831  -2.908   1.401   1.484  -3.148  -2.475  -1.357   2.710  -3.045  -1.531   0.847   0.256   0.365  -0.617
 1832  -0.038   0.828   2.118  -1.513  -1.964  -3.618  -2.568   0.921   1.452   2.252   0.618   3.322   0.151
 1833  -0.357   2.522  -2.887   2.016   0.692  -1.523   0.127  -1.738  -0.930  -1.745   1.404   4.174   0.146
 1834   3.068   2.662   1.370  -2.380  -1.027   0.272  -0.728  -0.860  -0.621   0.304  -2.284   0.111  -0.009
 1835   0.375   3.371   1.539  -1.024   0.581   0.102   0.571   2.349   0.288  -0.297  -1.311  -1.464   0.423
 1836   1.468   0.055   2.278   0.874  -1.504   2.947   4.327   2.798  -1.587  -1.167   2.039  -1.412   0.926
 1837  -1.156   4.670  -3.077  -0.560  -1.022  -2.980  -2.398   0.006   0.169   2.517   1.342   1.365  -0.094
 1838  -2.160  -1.805   1.231  -0.612  -2.156   1.237   0.110   1.156   1.460   0.588  -2.646   2.552  -0.087
 1839   1.243   4.197   0.788   1.405  -0.939   0.010   1.136   0.040   1.090  -1.274  -2.895  -0.628   0.348
 1840   2.970  -0.399  -3.055   0.870  -0.575  -0.085   1.227   0.048   0.458  -2.497   0.458  -2.431  -0.251
 1841  -0.706  -1.372   2.406   1.971   1.649  -0.614  -0.625   2.386  -2.765  -2.133   1.757   0.213   0.181
 1842   2.448   4.261   3.426  -0.436  -0.849  -4.301  -4.047   1.028  -3.799  -3.731  -2.665   0.507  -0.680
 1843   2.986  -3.505  -1.285   2.025  -0.491  -1.925   3.262   3.990  -0.583  -1.898   0.871   3.128   0.548
 1844   0.201   0.112   1.093   3.914  -2.765  -0.123   0.365  -1.002  -1.535  -0.990  -0.019  -1.901  -0.221
 1845   1.171   0.058  -0.539   0.564  -0.973   2.065  -0.164  -0.291  -0.229   1.142   0.487   0.828   0.343
 1846   2.263   0.631   1.752  -1.417   0.192   1.447   2.837  -0.298  -1.184   0.008  -0.594  -2.546   0.258
 1847   0.031   0.099  -1.585   1.170   1.763  -0.260   0.746   1.129  -0.324   0.445   2.459   1.760   0.619
 1848  -0.792   1.770   0.757  -1.023   0.691  -1.780   1.867   2.641  -2.546  -2.436  -0.842   2.548   0.071
 1849   2.419   2.767  -0.562  -0.990  -0.517  -3.210   1.203   0.701  -2.234  -0.078   0.802  -1.238  -0.078
 1850  -0.163   4.134  -2.216   0.965  -1.157   0.403   0.305   0.148  -2.077  -2.701   2.390   2.358   0.199
 1851   3.293   1.028   1.504  -1.658  -1.534  -1.621  -5.395   4.679   1.852   0.777  -1.769   1.742   0.242
 1852   1.464   0.411  -2.502  -1.597   0.245   0.093  -1.134   2.943  -2.021  -1.646  -0.930   1.029  -0.304
 1853   1.308  -4.038  -0.321   0.764  -3.173   1.090   1.760  -2.362  -0.222  -0.471   0.510  -4.284  -0.786
 1854   1.276   1.724   2.673   0.880   0.041  -0.058  -1.917  -0.033   2.621   1.111  -1.563   2.421   0.765
 1855  -1.841  -3.805  -0.050   0.985  -2.283   0.783  -2.613   3.814   0.792  -1.087  -2.418  -1.661  -0.782
 1856  -1.251  -0.102  -2.266   2.002  -0.703   2.033  -0.156  -0.439  -0.504   1.122  -1.695  -0.225  -0.182
 1857  -0.695   2.017   1.088   0.554  -0.170  -0.328   5.361   1.016   1.213  -0.200  -1.678   3.510   0.974
 1858   2.263  -0.544  -1.236   1.236   0.530  -0.240  -1.579   0.059   2.327  -1.863  -4.413   3.005  -0.038
 1859   2.736   2.370   1.501  -1.121  -0.632  -0.058   2.237   1.816   0.114  -2.611   0.291  -1.306   0.445
 1860   1.541   0.316   1.083  -0.370  -1.511  -2.319  -2.275  -0.155  -0.919   2.282  -3.440  -2.144  -0.659
 1861  -0.560   0.804   2.060  -1.860  -1.986  -1.044   0.730   2.913  -0.848  -0.797  -1.350  -1.495  -0.286
 1862   1.149  -1.259  -2.254   0.643   0.648  -0.218  -2.084  -1.434  -1.501   1.753  -0.493   2.918  -0.178
 1863   1.119   3.097   1.882   2.354  -1.489  -0.586  -0.426   0.103   2.465  -0.592   1.623   2.174   0.977
 1864   2.028  -0.271  -1.778   0.235  -1.832   1.762   0.504  -0.209   1.119  -6.053   0.006  -0.765  -0.438
 1865   0.146  -0.418  -1.032   0.921   0.867   0.738  -0.072  -0.221   3.239  -2.656  -0.139   2.574   0.329
 1866   2.055   0.702  -2.103  -0.876  -1.539  -0.185   0.285   0.771   1.522  -0.028   1.012   2.135   0.313
 1867  -2.168   3.635  -3.027   3.077  -2.346  -1.200  -1.773   3.100   1.133   0.733  -1.512  -0.551  -0.075
 1868   1.456   3.954   2.940   2.515   1.346   2.101   1.207   3.016  -2.653   1.873  -0.833   2.014   1.578
 1869   3.249   3.900  -1.911   2.618  -1.985  -0.711   0.289   1.146   0.621  -0.794   0.792  -0.692   0.544
 1870   0.319  -1.978  -2.072   2.918   1.546   0.560  -0.363  -3.409   1.711   1.298  -2.040  -3.519  -0.419
 1871   0.674   1.708   1.148  -0.316  -2.499  -1.366   1.752   4.191  -1.933  -0.895  -3.717  -0.182  -0.119
 1872   1.151   0.449  -1.199  -0.728   0.017  -0.345  -3.606  -1.425  -2.530  -0.911   0.667  -1.089  -0.796
 1873   2.298   0.176  -0.391  -2.169  -0.925   0.780  -0.124   3.438  -0.571  -0.815  -2.230   2.009   0.123
 1874   1.564   2.071   1.466   2.991  -1.850  -0.761   0.178   0.821   0.738   0.863  -0.343  -2.122   0.468
 1875   2.060  -1.467  -0.614  -0.405   0.893   1.456  -1.440   1.707  -0.014  -0.755  -2.800   0.076  -0.108
 1876   1.097   0.747  -0.290  -0.673  -1.452   1.705   3.481   1.016  -2.615  -2.192  -2.348  -1.129  -0.221
 1877   2.389   1.959  -0.446  -2.300  -1.732  -0.318   1.176  -1.834  -3.735   1.252   2.062   2.159   0.053
 1878   1.180   2.202  -0.007   0.447   0.278  -1.542  -1.933  -2.459  -0.946  -1.436  -3.475  -3.310  -0.917
 1879  -0.707   0.855  -0.083   0.099   0.631  -0.495  -1.567  -0.288   1.901  -1.879  -3.375   0.579  -0.361
 1880   0.419   1.915   0.063   1.658  -1.785   0.453  -1.897  -0.426   0.924  -3.203   1.193   0.521  -0.014
 1881  -3.597  -1.616  -0.510  -1.424   0.823   0.005   2.098   0.424  -0.248  -2.038   4.337   2.771   0.085
 1882   3.066   3.196   3.608  -0.425  -0.677  -0.641   1.597   2.055   0.396   0.652   2.006  -1.694   1.095
 1883   1.668   4.252  -3.043   0.879  -0.537  -1.745  -2.247   3.005   0.469   1.683   2.362   0.906   0.638
 1884   3.323   1.476   0.193  -2.364  -0.170   0.500  -0.804   2.164   1.602   0.272  -1.157   1.941   0.581
 1885  -0.803   0.091  -1.063   0.358   0.323   1.592   3.072  -1.025   1.403  -0.839  -0.760  -0.026   0.193
 1886  -1.406  -0.386   0.563  -1.374  -0.666  -1.170  -1.587   2.429  -0.341  -0.547   0.548   0.124  -0.318
 1887   1.898   2.027  -0.847  -2.107   0.437   0.058   0.579  -1.191  -2.560  -1.141  -3.255  -1.625  -0.644
 1888   0.206  -2.251  -1.495  -2.247   0.966  -1.699  -0.005   3.999  -0.417  -0.890   2.699   1.248   0.010
 1889   0.650  -0.198   0.114   1.051  -0.391   1.891  -1.030   3.777  -1.983  -1.228   2.696   2.303   0.638
 1890   4.323  -1.366   0.498  -0.081  -1.143   1.231   0.297   0.990   2.498   0.852   1.898  -2.746   0.604
 1891   0.275   2.807  -1.172  -0.924  -1.775  -3.741  -0.541   2.224   2.289  -0.460  -1.533   2.858   0.025
 1892  -0.774  -2.215  -1.533  -1.145  -0.568  -0.471   0.182   1.155   1.612  -3.684   0.812  -1.054  -0.640
 1893  -1.610   2.541  -0.037   0.038   0.367  -0.560  -1.499   0.476  -0.968   0.316  -2.156   1.861  -0.103
 1894   1.396   3.949   1.122   1.980  -1.379   2.778   1.176   0.905  -2.194  -2.245   1.958   0.936   0.865
 1895  -2.610  -4.137  -0.268   0.370   0.512  -0.197   1.207   1.718   1.154  -2.529   1.924   0.025  -0.236
 1896  -0.225   2.331   1.385   2.543  -0.892  -0.266   1.231  -1.021   0.600  -2.771  -0.551   1.857   0.352
 1897  -2.362   3.323   2.306   4.282  -0.523  -1.421  -0.049   2.488   1.405  -0.601   0.019   1.349   0.851
 1898   1.974   1.899  -2.333   3.463  -0.531  -0.843  -1.527   3.556  -0.172  -1.148  -1.137   3.139   0.528
 1899   0.678  -0.170  -1.498   0.584  -1.032  -0.253   2.455  -1.129  -0.080  -0.123   1.942  -0.871   0.042
 1900   1.376  -2.358  -3.115   2.612  -0.573  -1.225  -0.212  -0.057   0.982  -0.569   0.649   3.501   0.084
 1901   0.981  -2.576  -0.907   2.532  -0.711   0.206  -1.829   1.139  -0.089  -0.469  -1.729  -1.380  -0.403
 1902   1.408  -1.402   0.501  -1.137   0.544  -3.254  -1.245  -0.179  -1.509  -0.123  -0.087   1.272  -0.434
 1903   1.284   4.865   4.046  -0.788   0.137  -2.802   0.428   3.675   0.216  -0.553   1.042  -1.091   0.872
 1904   2.235   1.208  -0.699   2.644   1.753  -0.874  -0.045   0.615  -0.428   0.038   0.071   0.885   0.617
 1905   1.806   2.087   2.225  -1.173  -0.721  -2.286  -0.053   0.967  -0.186  -3.101  -0.253   1.848   0.097
 1906   2.638   1.256  -0.250   1.665  -1.746  -1.677   1.287   0.384  -1.331   0.403   0.700   0.030   0.280
 1907   1.584   1.223   2.412   1.078  -1.421   0.763  -0.549   2.219   0.242  -1.593  -0.414   1.182   0.560
 1908   0.640   1.979   0.736  -1.754   1.916   0.833   0.095   0.603   0.984   0.241  -0.209   1.473   0.628
 1909   1.819  -0.537  -2.093   0.055  -0.924  -1.352   2.595   2.349  -1.293   0.591  -1.965  -0.484  -0.103
 1910   2.573   3.847   0.549   0.083  -1.503  -1.075  -1.638   0.308  -1.151  -1.564  -0.873  -0.100  -0.045
 1911   0.824   2.055  -1.404  -0.243   0.795   0.418   0.536   0.127   1.531  -1.884  -0.053   3.018   0.477
 1912  -0.912  -0.172   2.225  -0.103   1.699  -0.982  -1.416   0.067  -2.511   0.416   1.213   2.996   0.210
 1913   1.831   1.194   2.731   1.986   0.376   1.028  -0.990   0.648  -2.698  -1.482   4.623   1.230   0.873
 1914   0.578   2.455   1.718   2.084   2.190   0.570  -1.110   0.970   0.429  -1.103  -1.408   2.228   0.800
 1915   0.084   1.825  -1.907   2.911  -2.468  -2.299  -1.189  -1.293  -1.940  -0.991  -2.511  -0.648  -0.869
 1916   3.823   2.026  -3.840   0.770  -0.717  -3.034  -0.693  -0.574  -2.591   2.201  -0.582  -1.802  -0.418
 1917  -3.084  -1.587  -0.209  -0.916  -1.593   0.808  -0.211  -0.390   2.469   0.936   1.979  -2.797  -0.383
 1918  -0.484   3.874   0.368  -1.910   0.231   1.310  -1.972   1.763  -0.170   0.560   0.262   2.324   0.513
 1919  -0.010  -0.489  -0.245   1.717   1.346   1.862  -1.328   4.028  -1.269  -2.235  -2.069   2.856   0.347
 1920   2.842   1.393   3.082   0.089   0.763  -1.616   1.875  -1.217   0.411  -1.148   1.479  -0.462   0.624
 1921   3.201   0.071   2.682  -0.091  -0.645  -1.602  -0.410  -0.646  -1.432  -0.218  -1.224   2.177   0.155
 1922   0.642   2.975  -0.227   0.799   2.359   0.789   1.792   0.090  -0.426  -3.951  -0.051   1.473   0.522
 1923   1.836   2.770  -0.098  -1.188   0.354   0.532   1.593   0.729   2.642   1.338  -1.965   1.252   0.816
 1924   0.862  -1.622  -1.881  -0.939  -0.555  -2.093   0.647   0.549   0.709   0.496  -0.209   3.863  -0.014
 1925   4.233   1.951  -2.000   2.585   1.116  -2.198   1.370   1.430  -0.656  -0.978  -2.601  -0.721   0.294
 1926   1.697   1.843   0.564   2.329  -1.191  -1.792  -0.693   2.059   0.920  -4.158   0.121  -0.507   0.099
 1927   2.149   1.095   2.581   1.393  -2.026  -1.596  -0.160   1.599  -1.774  -2.039  -1.255  -3.135  -0.264
 1928   3.043   3.516  -0.938   1.090  -2.901  -1.892   2.209  -1.795  -1.930   0.147   1.681   0.444   0.223
 1929  -1.255   0.270  -0.477  -3.801   0.669  -0.058   0.262  -0.067   0.254   0.290   2.152   3.803   0.170
 1930   1.506  -0.600  -0.698  -2.132   1.839  -0.365  -1.305   1.813  -2.068   0.890   1.443   1.208   0.128
 1931  -0.087   1.287  -2.183  -0.081  -0.620  -0.960  -0.132  -1.804  -2.729  -0.108   2.784   0.769  -0.322
 1932   3.470  -3.307  -1.566   0.129  -0.678  -1.457  -0.804   2.181  -0.935   0.051   0.979   1.217  -0.060
 1933   1.414  -1.806   1.260  -0.230  -0.550  -1.621   2.618   2.651  -2.030  -1.991  -2.969  -1.842  -0.425
 1934   3.274   0.487   0.301  -1.672   1.407  -2.495  -1.174   1.505   2.496   0.762  -1.218   1.321   0.416
 1935  -0.503   2.699   0.391  -0.408  -3.208   1.337   2.030  -0.555   0.550   0.878   1.127  -1.372   0.247
 1936  -1.225  -2.438  -1.095  -1.541  -2.336   0.756   1.339   2.672  -0.815   0.873  -0.173   2.373  -0.134
 1937   2.145   1.726  -2.016   2.192   2.314   0.491   0.186   0.278  -0.172  -2.413  -1.555  -1.094   0.174
 1938   2.638   0.600   3.135  -1.681  -0.348   0.971   1.601  -0.369  -0.291   1.878   3.235  -0.389   0.915
 1939  -0.689   2.913  -0.026   0.185  -0.905  -1.397  -0.442   0.795  -3.902  -2.513   1.530  -1.069  -0.460
 1940  -2.268  -0.928  -0.721   0.532  -0.255  -1.199  -1.209   0.300  -1.096  -1.890   1.298   1.455  -0.498
 1941  -3.500  -0.419  -1.288  -2.948  -0.543   0.238   1.076  -0.604  -0.966  -1.205  -0.090   1.439  -0.734
 1942   0.754  -3.096  -0.917  -0.949   0.821  -2.097   0.146   0.085  -0.247  -0.215  -2.107   1.473  -0.529
 1943   1.167   2.777   0.028   4.257   2.167   1.914   0.055  -0.178  -0.650   0.450   0.081  -0.389   0.973
 1944   3.634  -1.590  -0.822   1.299   0.422  -2.776  -2.159   0.151   0.358  -0.831   0.814   0.259  -0.104
 1945  -2.121   4.675   2.508   1.149  -0.839   0.367  -0.398  -1.827   1.396  -0.224  -1.823  -0.249   0.218
 1946   1.409   0.994  -0.390   0.648  -2.703   2.556   2.658   0.617   1.979  -2.039  -1.256   1.217   0.474
 1947   0.386  -4.598  -1.279   6.659  -1.203   0.200   0.186  -1.080   1.178  -0.506  -0.248  -0.717  -0.085
 1948   1.534   0.658   3.481  -0.475  -1.231  -0.266   0.591   0.337   0.823   0.433   2.638   1.093   0.801
 1949   1.496   4.011  -0.957   3.407  -1.395  -1.507  -0.935   1.385  -1.809   1.377   0.541   0.111   0.477
 1950   0.549   3.306   0.815   1.605  -1.731   1.262  -0.872  -0.275   1.508   0.781   0.781  -1.882   0.487
 1951   0.818   0.930  -2.012  -0.451  -2.114  -1.161   1.104   0.846  -0.222  -0.134  -0.965   2.544  -0.068
 1952   0.919   0.146  -1.141   2.789  -0.945   0.019  -0.792  -1.054  -3.016   0.415  -1.506  -0.309  -0.373
 1953  -0.024   0.536   1.251  -1.596  -0.746  -2.964   0.126   3.260   0.747   0.768   3.250   0.152   0.397
 1954   0.098   0.574  -0.293  -0.265  -0.909  -0.942   0.877  -0.594   2.493   2.092   1.537   1.444   0.509
 1955  -1.170  -2.214  -2.896   2.398   0.333  -0.182  -1.325   0.539   0.823  -2.353  -2.140   0.510  -0.640
 1956  -0.757  -2.957   0.010  -1.904   4.544   1.263   0.353  -3.149  -0.511   1.235   1.387   2.572   0.174
 1957   2.533   1.076   0.419  -0.619  -0.836  -0.803  -0.482   0.704  -1.556   1.072  -1.585  -0.120  -0.016
 1958   0.371  -0.028  -1.278   1.793   1.101  -1.437  -0.203   0.980  -0.234   1.647   0.426  -1.696   0.120
 1959  -1.149   2.461   1.818   1.509  -2.218   1.507   0.293   0.018  -1.809   1.507  -0.039   1.981   0.490
 1960  -0.700  -0.999  -0.874   1.928   0.066  -0.408   0.182  -1.839   0.235  -3.083   1.402   0.456  -0.303
 1961   1.465   4.063   2.082   0.713  -0.941   2.128   0.631   3.382   2.005   1.003  -2.154  -1.723   1.055
 1962   2.442   0.773  -3.776   0.741  -0.101   1.407  -2.099   2.279   0.022  -0.344  -2.234  -0.661  -0.129
 1963  -4.085  -1.903   2.788  -0.461   1.907  -1.770  -0.653  -0.962   0.939   2.790  -0.153  -3.088  -0.388
 1964   0.932  -0.132  -0.768   0.950   2.513  -1.852   2.439  -2.463   0.500   0.635   1.332  -1.239   0.237
 1965   0.010  -3.027   0.234   2.137  -0.082   0.873  -1.710   1.593  -1.011  -1.258  -1.784   1.236  -0.233
 1966  -1.009  -0.376   1.047   1.183   1.506   0.823  -1.992  -2.034  -0.469  -2.893  -0.074   1.683  -0.217
 1967   0.041   1.698   3.002  -0.764  -0.457   1.959   1.438  -0.410   0.321   1.336  -0.906  -0.527   0.561
 1968   1.647  -1.534   0.343  -0.707  -1.504   0.948  -1.956  -1.452   0.500   0.028  -2.001  -1.729  -0.618
 1969  -1.638  -3.164  -1.812   1.113  -0.227  -1.174   3.695  -1.617   0.385   0.704  -1.278  -0.264  -0.440
 1970  -1.165   1.101  -1.780   2.525   1.867  -0.106   0.265  -0.196   0.470  -0.000   0.763  -1.582   0.180
 1971  -0.434   1.213  -1.756  -3.152  -0.616  -1.325  -1.038   0.074  -0.542   1.628  -1.461   0.756  -0.554
 1972  -0.522  -0.202   0.262   0.219   1.235   1.065   0.408   0.111  -4.114  -1.735   0.643   2.107  -0.044
 1973   1.373   1.217   1.037  -2.606   0.372   0.830  -1.853   2.320  -0.793  -1.029  -0.264  -1.654  -0.088
 1974   3.749   0.683  -0.812  -2.297  -0.009  -0.144   2.074   0.888   0.115  -1.440   1.270   3.061   0.595
 1975   2.431   0.397  -1.256  -0.845  -2.423   0.180   0.631   0.081   1.749   0.395   0.860  -1.572   0.052
 1976   0.752   1.295   1.875  -1.531   1.199   1.764  -0.573   0.624  -3.464  -0.635   1.501  -3.629  -0.069
 1977  -2.360   0.278   1.326   1.073  -1.618  -0.887  -1.138  -1.422   1.640   0.451   0.374  -0.251  -0.211
 1978   0.455  -1.992   3.098  -3.120   0.371   0.145  -0.327   0.046   1.962   0.019   3.909  -2.078   0.207
 1979  -3.217  -0.618   0.544  -0.787   0.996   0.446   2.527  -0.850   1.124  -1.949   1.952   2.075   0.187
 1980  -1.803   0.703  -0.682   0.032  -2.264  -0.205  -0.907   0.296   1.716  -0.869  -2.062   1.546  -0.375
 1981   1.005   1.038   0.010  -3.036   0.045  -1.573   1.740   1.011   0.268  -1.058   1.657  -2.199  -0.091
 1982  -0.718   2.254   1.662  -0.987   1.099  -1.860  -0.653   1.450   1.079   0.323   1.712   2.644   0.667
 1983   4.824  -1.250   1.788  -1.008  -0.568   0.543  -0.752   0.561  -0.651   2.059  -2.281   0.833   0.341
 1984   2.534   1.733  -2.123   0.328  -2.344   0.327   0.933   0.996  -1.314   1.664  -1.165   1.515   0.257
 1985  -2.869  -0.241   0.069   0.341  -2.129  -1.076   1.092   2.329   0.003   0.144  -2.854  -0.434  -0.469
 1986   1.456  -4.023   2.863  -0.935   2.158  -1.288   0.877  -2.207  -1.336   2.272   3.408   3.423   0.556
 1987  -2.116  -0.237   0.286   2.593  -0.813  -0.577  -1.245  -2.990   1.268  -0.799  -0.667  -0.805  -0.508
 1988   0.528  -0.107   0.778  -2.393  -1.241  -2.747   1.462   0.732   0.804  -2.021  -1.474   1.850  -0.319
 1989   3.535   3.610   2.449  -0.478   1.157  -0.526   0.576   1.759  -0.956   0.875  -2.972  -2.232   0.566
 1990   3.499   5.112   3.115   1.770  -1.195   0.417   1.430   3.306  -0.989  -0.593  -1.480   0.343   1.228
 1991   1.869  -0.020  -1.366   1.485  -0.041  -0.315  -0.279   2.706  -1.117  -1.768   1.676   1.236   0.339
 1992   0.645   3.184   1.659   1.318   0.795  -1.740   1.044   3.969   0.993  -3.334   4.521   0.211   1.105
 1993   3.909   0.111   1.472   0.831  -2.594   0.161   0.635   0.751  -2.603  -4.129   0.774   2.174   0.124
 1994   1.281   0.072   3.676   1.377  -1.435   2.985  -0.089  -1.586  -2.852  -1.876   1.682   2.856   0.508
 1995   2.696   3.133   1.057  -1.809  -0.364  -3.359  -0.959  -1.331  -1.546   1.222  -2.729  -3.333  -0.610
 1996  -3.270  -0.116  -2.570  -0.308  -1.497   1.426   1.466  -0.191  -2.233  -0.068  -0.051  -4.704  -1.010
 1997  -1.946   5.258   2.088  -0.969  -1.346  -4.049   1.180   1.777  -0.674  -2.259  -0.993  -0.202  -0.178
 1998  -0.282   2.437   1.241  -0.388  -1.264  -0.846  -0.573   1.797  -3.479   1.345   1.126   1.947   0.255
 1999   0.902   1.799  -0.725   0.429   1.028   1.385  -1.845  -3.671  -0.512  -0.691   0.300   2.128   0.044
 2000   0.345   4.374   0.536  -3.343   0.312   0.893  -2.986   0.782  -1.098   1.370  -0.236  -1.413  -0.039
 2001   0.019   0.068  -0.681   1.244  -0.095  -1.329  -1.122   1.638  -3.835   0.876   0.009  -2.250  -0.455
 2002   2.313   3.006   0.090   0.905  -0.052   0.898  -0.709  -0.610  -3.579  -1.502  -0.274  -0.984  -0.042
 2003   0.150   1.339   1.077  -1.741   1.166  -0.855   0.086  -0.987   0.349  -3.681   0.313  -0.851  -0.303
 2004   0.197  -1.233   1.070   1.081  -0.667  -0.385  -0.295  -0.757   2.509  -2.178  -0.545   1.270   0.006
 2005   1.824  -2.246  -1.294   0.712  -0.130  -1.005  -0.084   0.938   0.501  -0.454  -1.014  -0.814  -0.256
 2006  -0.100  -1.239  -1.118   0.572  -0.221  -0.414   0.830  -2.470  -1.022  -1.972   2.004   3.031  -0.177
 2007   1.763   0.420   2.029  -0.099   0.623  -3.339  -1.054  -3.406  -1.181  -0.024  -1.668   1.358  -0.382
 2008   1.850   1.790   0.372  -2.022  -3.258  -1.620  -1.134  -0.208  -2.067   0.009  -1.296  -0.577  -0.680
 2009   0.597  -1.428   0.151   1.736   1.517  -3.051  -0.919   1.065  -0.634  -1.530   1.684  -3.730  -0.378
 2010  -2.379  -3.924  -0.801  -1.030  -1.658  -3.653   0.062  -2.015  -2.382  -2.411  -3.344  -4.605  -2.345
 2011  -1.378   2.791  -0.170   2.394   1.084  -1.577  -3.391  -2.414   2.967   1.306   0.743   3.196   0.462
 2012   2.054   1.279   1.784  -2.358  -0.828  -2.576  -1.313  -0.435  -1.439  -3.207  -1.108   0.599  -0.629
 2013   1.084  -0.264  -3.745   0.032   1.231   1.405   2.519   2.159  -0.568  -0.362   0.043   3.543   0.590
 2014   0.710   2.316   1.637   0.837  -0.077  -1.982   0.909  -1.136  -2.096   0.308  -2.170   1.886   0.095
 2015   2.812   1.471   1.986   1.034   2.089   0.280  -2.155   1.474  -1.648  -1.131   3.541   4.218   1.164
 2016   1.165   1.609   0.328  -2.060  -0.825  -1.272   2.185   2.137   2.446  -1.468  -1.610   2.099   0.394
 2017   0.172   1.379   1.050   1.504   0.383  -0.550   0.102  -0.037   1.425   1.361  -0.901   1.000   0.574
 2018   1.819  -0.098  -1.124   2.373   2.009  -1.397   3.831   1.255   0.446  -1.175  -1.281   1.931   0.716
 2019  -0.358   1.896   2.392   1.704   2.046  -2.825  -2.787 -99.990 -99.990 -99.990 -99.990 -99.990 -99.990